1 0.7844482385809313 0.17630633703586163 0.015548177827050997 0.010773101967629322
1 0.7328381702882484 0.26049345128530627 0.01572099046563193 0.011033667470644238
1 0.8807589694013304 0.2631406182164392 0.01438504802660754 0.010933941002856237
1 0.8025177760532151 0.22762757854649318 0.015568264390243901 0.010569399936528086
1 0.8806458274944569 0.178181030149159 0.015098400000000003 0.011025286766105999
1 0.7848685685144124 0.2271862208822596 0.015593527583148558 0.01082438483021263
1 0.7150630187583148 0.2429871777213583 0.01573648935698448 0.010977489336718504
1 0.8024839884700665 0.1766842519834973 0.015390027139689578 0.010458786385274517
1 0.7326314150776054 0.22649951221834339 0.015366003858093126 0.01108810288797207
1 0.7849215747228382 0.14294545445890194 0.01529526691796009 0.010441868327515074
1 0.8029762332594235 0.2617268638527452 0.015503479024390247 0.011017043129165346
1 0.7671090088691797 0.17619844525547448 0.015463553880266075 0.010767070993335449
1 0.8805996407982262 0.1951721253570295 0.014675373259423505 0.010878154490637892
1 0.8804917685144124 0.24615970517296099 0.014360342793791574 0.01099489692161219
1 0.7330644541019956 0.2778301526499524 0.015355340620842574 0.01073239289114567
1 0.7509077077605322 0.29539654014598543 0.015776693481152997 0.01120823284671533
1 0.7850495955654102 0.2441076074262139 0.01558763800443459 0.010776979022532529
1 0.8022772332594235 0.19345192700729927 0.015442444390243905 0.010391153316407489
1 0.7845303827050998 0.2101878806728023 0.015465940709534368 0.01077627410345922
1 0.7845712997782704 0.19321440844176455 0.015582864345898005 0.010601747889558873
1 0.7682853747228381 0.2611821180577594 0.015320499113082042 0.011173828879720724
1 0.7671809237250554 0.19301389812757858 0.015322668957871401 0.010395480736274198
1 0.7678879831485588 0.2439793513170422 0.015599665144124171 0.01094138181529673
1 0.8023953348115299 0.14312481720088863 0.015543621152993353 0.010561587083465567
0 0.8813324283813747 0.2801763582989527 0.014623049002217298 0.010924091716915265
1 0.8027124421286032 0.24474555918755947 0.015437639733924613 0.010583028371945413
1 0.8627055507760533 0.24604574325610915 0.015513987272727273 0.011200792034274834
1 0.7680516514412418 0.27831537194541417 0.015378402971175166 0.010649055791812124
1 0.7148987305099779 0.26019014027292925 0.01578822465631929 0.011005470707711839
1 0.7322417729490023 0.20920667248492544 0.01526730691796009 0.010646764804823867
1 0.7498150359201774 0.24359889082830846 0.015572945055432372 0.011067425261821645
1 0.785461246119734 0.2955580841002856 0.01493318181818182 0.011409134782608696
1 0.880629398669623 0.22922519930180893 0.014194814634146341 0.011305041732783242
1 0.7674648634146342 0.14276060901301174 0.015647153747228384 0.010412379212948273
1 0.714901334323725 0.22612100983814662 0.016214537161862528 0.010521132561091717
0 0.8022344563192905 0.21052545858457633 0.015687543858093126 0.010602119930180894
1 0.8981756935698448 0.28035630847350046 0.01404649024390244 0.010977469755633133
1 0.7505676620842572 0.2780388870199937 0.015557973126385809 0.010775823738495715
1 0.8810317498891352 0.2971188924151063 0.014741150554323726 0.011119902570612506
1 0.8024982474501109 0.15990639479530308 0.015450255831485588 0.010656183306886705
1 0.7143083467405765 0.2090521777213583 0.01617296913525499 0.01072514788955887
1 0.8630335073170732 0.2629663465566487 0.015059807760532153 0.011297933798794034
1 0.7845982678492239 0.15950322024754046 0.015659180886917964 0.010346234306569346
1 0.7683455104212861 0.29529452269120915 0.015261572328159645 0.011366095556966044
1 0.8624275006651885 0.22897554046334495 0.015209124079822616 0.011292039892097748
0 0.78543117827051 0.26116018724214535 0.015221864168514412 0.01070807318311647
1 0.7496795756097561 0.15964635798159316 0.015239160931263858 0.010808152110441132
1 0.8807245618625278 0.1612943021263091 0.015291299201773837 0.010859376229768328
1 0.803149820842572 0.27882154300222156 0.015428867361419069 0.010616198730561724
1 0.7854990634146342 0.2782550622024754 0.015004073747228381 0.010507406220247541
1 0.7325703494456763 0.24336548429070134 0.015399605454545455 0.01061604208187877
1 0.7676387609756098 0.22692305109489053 0.015056367006651887 0.010892096223421136
1 0.8973833902439025 0.1612670844176452 0.01249477223946785 0.01080311977150111
1 0.7502158372505543 0.2605735379244684 0.01555899605321508 0.01057901424944462
1 0.7333291751662971 0.2952994179625516 0.015461941995565413 0.011434570612503967
1 0.8028767303769401 0.29636932846715325 0.015409617738359202 0.011507960520469693
1 0.7500224110864745 0.22658586480482387 0.015007359512195121 0.010718451158362426
1 0.8986806474501109 0.29737383814662016 0.014005139201773837 0.01122877340526817
1 0.897605334368071 0.26354712154871474 0.013724919246119736 0.011270422373849573
0 0.8626590541019955 0.17793411266264678 0.015373443325942353 0.011179703205331641
1 0.862922535254989 0.19496182450015867 0.01546163201773836 0.01114490761662964
1 0.8969754594235034 0.17835588924151063 0.012801712283813747 0.011105099270072994
1 0.7496832953436807 0.1925294620755316 0.015248739246119735 0.010406230752142177
1 0.7673204137472284 0.2098303300539511 0.015365662882483372 0.010756967153284672
1 0.897210422616408 0.2467520330053951 0.013767975166297118 0.010919881783560773
1 0.8804675902439024 0.21214873056172642 0.014191528869179603 0.011107958108536972
0 0.7674062776053215 0.15958722310377657 0.015581624434589802 0.010522072453189465
1 0.7320570261640799 0.19232483973341796 0.014938978403547673 0.010722915645826721
1 0.8631516088691796 0.27969564265312596 0.014948122749445677 0.011034235322119963
1 0.8812571037694014 0.14454268359251032 0.014576738314855875 0.011449687210409397
1 0.7143472489578714 0.19208320913995558 0.015874088514412417 0.010639304411298001
1 0.7146382561419068 0.1753441225007934 0.015887448558758316 0.010496029609647732
1 0.8627852150776053 0.21200050174547763 0.014917000975609756 0.011258007965725165
1 0.7319786017738359 0.17576570326880359 0.014952090465631932 0.010791214471596316
1 0.7497443609756098 0.2095064589019359 0.015379859866962307 0.010815671247223104
0 0.7153063513525499 0.2775979209774675 0.0158247400443459 0.011031474389082833
1 0.7321515694013303 0.15938299238337036 0.014866877560975612 0.01044366978736909
1 0.8631398297117516 0.1611157226277372 0.016085400399113083 0.011090981307521423
1 0.8968846359201774 0.1954296166296414 0.01267716319290466 0.01087917270707712
1 0.8972950465631929 0.22967634750872737 0.013158961729490022 0.011270970644239927
1 0.7492626554323725 0.1760179076483656 0.015263308203991133 0.010529062900666457
1 0.8635514802660754 0.1443458936845446 0.016065065853658536 0.011222762012059663
1 0.8635818580931264 0.29711125579181213 0.014806617871396897 0.011228812567438908
0 0.8978626159645232 0.1442679609647731 0.01249812 0.011304003935258648
1 0.7145011839467849 0.15867161155188828 0.015737729268292686 0.010308423230720407
1 0.7155539306430155 0.295148447794351 0.01610021733924612 0.01124001294827039
0 0.7497778385809313 0.14288279498571882 0.01539207299334812 0.010343845414154236
0 0.7324172203991132 0.14307194827039035 0.014792327893569846 0.010462722183433831
1 0.8971177392461198 0.21244401332910187 0.012839064611973393 0.011078899777848303
1 0.7151770596008868 0.14251212503966995 0.015423566740576497 0.010521250047603938
0 0.998497537472284 0.190407851475722 0.0030049560532150778 0.012188011615360204
1 0.13534685720620845 0.3936231961282133 0.019721721951219514 0.013401551348778169
1 0.13513892727272725 0.37821176324976197 0.019374133170731708 0.014072569152649955
1 0.13593197294900222 0.4699339384322438 0.019964208292682927 0.013149345541098065
1 0.08902352594235033 0.5168563706759758 0.01950878713968958 0.01326954750872739
1 0.18253876230598667 0.39312805299904796 0.019900077605321507 0.013218282481751824
1 0.08898507937915744 0.5010424795303079 0.019267938758314854 0.013382890796572516
1 0.13597929179600887 0.45505183909869884 0.01938364243902439 0.01326794097112028
1 0.22993177250554325 0.39285617740399875 0.019416060399113082 0.013265675341161538
1 0.23095094767184038 0.5149553011742304 0.019830532549889136 0.013012563281497939
1 0.1360766594235033 0.43973659251031416 0.019078731618625278 0.013309196033005398
0 0.13585598980044344 0.4852638086321802 0.02004894997782705 0.013478871120279278
1 0.0889404904656319 0.4859095131704221 0.01943255374722838 0.013451045065058714
1 0.1826058731707317 0.40878994097112026 0.019210041419068735 0.013109552840368138
1 0.1823742838137472 0.3781376153602031 0.01946383423503326 0.013448511678832117
1 0.13574019512195123 0.42477540209457315 0.019795885144124167 0.013228539606474136
0 0.2298212101995565 0.37782866582037444 0.019300151973392462 0.01361575636305935
1 0.1829521197339246 0.42399396572516657 0.01977192997782705 0.013209116978736911
1 0.08894481286031042 0.4708197997461123 0.019546005232815963 0.013271565979054269
0 0.13536141685144126 0.4095244170104729 0.019917958669623058 0.013151178641701046
1 0.08882833569844788 0.4405334763567122 0.019508696141906874 0.013576808124404954
0 0.13620132638580934 0.5161698847984767 0.019861039556541022 0.013467398794033641
1 0.1359840691796009 0.500582556648683 0.019528806651884698 0.013528385433195811
0 0.18296326696230597 0.4390218892415107 0.01991092909090909 0.013540599238337038
1 0.18295439467849225 0.4546677118375119 0.019334731130820397 0.012682028467153286
1 0.23086654722838137 0.499509883846398 0.019338894279379158 0.013253255569660428
1 0.22948019600886918 0.40848593462392896 0.019284318359201774 0.013228724976198031
0 0.18330723858093123 0.49985714312916535 0.019719424257206207 0.013325096635988578
1 0.08848663902439025 0.37899752491272615 0.01867531569844789 0.013350224531894637
1 0.08885199512195122 0.40997795493494127 0.01918294682926829 0.01339790574420819
0 0.08865816984478936 0.42518548111710563 0.01952359702882483 0.01331144106632815
0 0.08866226474501109 0.39456549222469056 0.018943827405764967 0.0132513194858775
0 0.0886895640798226 0.45562030625198346 0.019768836053215076 0.01317111618533799
1 0.1831536798226164 0.4696105712472231 0.019146206474501107 0.013242504125674391
0 0.2304654745011086 0.46897825452237385 0.019384029179600887 0.013411973246588386
1 0.18337321197339243 0.48470893525864805 0.019427025631929048 0.01348346417010473
1 0.23028689135254987 0.45365765280863224 0.019173073569844788 0.012992687527768965
1 0.23020385587583148 0.4234347670580768 0.018503443636363637 0.013412467565852113
1 0.183628688248337 0.5154796915264995 0.019870321330376937 0.013518354871469377
1 0.2302500372505543 0.4387693744842907 0.018980977250554323 0.013023129355760077
1 0.23018770376940137 0.4844500355442717 0.01914668421286031 0.013392756585211043
1 0.4088300993348115 0.3925010790225325 0.019678643991130822 0.01348991748651222
1 0.40866172993348115 0.37711993716280545 0.019446869800443457 0.01384763535385592
1 0.45573219467849224 0.37738851094890513 0.019429489002217293 0.013645354046334495
1 0.3150780283813747 0.4684308733735322 0.018854676319290466 0.013365696921612186
1 0.31507984124168514 0.4836438971754999 0.018876702572062084 0.013405630149159
1 0.31472633348115303 0.453302946366233 0.01935767707317073 0.013266320469692158
1 0.36168825321507764 0.43785372707077125 0.01911969383592018 0.013170410155506188
1 0.45587246474501114 0.40795050587115206 0.01902016780487805 0.013227341986670901
1 0.3152554620842572 0.49877244684227234 0.019015635654101998 0.013255693748016504
1 0.40855114545454546 0.4076956305934624 0.019618706297117518 0.01311916528086322
1 0.3142382208425721 0.3770244627102507 0.01835083711751663 0.01304666696286893
1 0.4562588305986697 0.4383055702951444 0.01919254815964523 0.013256150364963505
0 0.3145717871396896 0.40732390288797204 0.01847363574279379 0.013507767058076802
1 0.31440953614190686 0.3924415112662647 0.01860123844789357 0.012878154554109806
1 0.45579632461197345 0.39255151443986036 0.01925534110864745 0.01345230885433196
1 0.31449292771618625 0.4225560215804507 0.018796279556541017 0.013322006981910509
0 0.3146313849223947 0.4379726550301492 0.019108590066518844 0.01313946397968899
0 0.4093429121951219 0.46818928149793715 0.019454279866962305 0.013035127007299273
1 0.455639512195122 0.4230767724531895 0.0188864466962306 0.013020183179942876
1 0.3629402598669623 0.5143630098381466 0.019940443680709536 0.01339043725801333
1 0.36208141729490023 0.45332992827673757 0.019013958758314856 0.013311380260234849
1 0.4560032172949002 0.46886258394160585 0.019202382926829267 0.013059950364963508
1 0.3625840328159645 0.49892624373214856 0.019556253259423503 0.013083673690891782
1 0.45598282261640805 0.48399196382100923 0.01906118376940133 0.013137782799111394
0 0.40900979911308205 0.4534110815614091 0.01929028399113082 0.013158807933989212
1 0.45605080487804883 0.4536213329101872 0.019294634855875833 0.012981370739447795
1 0.36169777073170734 0.407754575690257 0.01943402115299335 0.012971553475087274
1 0.3623807658536585 0.4686249355760076 0.019011216807095343 0.013539605712472234
0 0.3616825880266075 0.39214678578229134 0.019713110997782706 0.01321671526499524
0 0.3154938532150776 0.5146608486194859 0.019114617827050998 0.013737113297365915
0 0.36157109711751667 0.3770699168517931 0.01940497006651885 0.013766025452237388
0 0.4092198643015521 0.4835432338940019 0.019687277738359207 0.01325440691843859
1 0.4095194394678492 0.43807145033322753 0.018951822971175165 0.013268977150111078
1 0.40889944124168515 0.4229715430022215 0.018734279733924615 0.012986082196128214
1 0.40927311707317077 0.4988494490637893 0.018980760753880267 0.013175038590923517
1 0.3624734483370288 0.4838695074579499 0.019484146740576497 0.013475139701682008
0 0.4558606811529934 0.49885671342430976 0.01919676305986696 0.01316345712472231
0 0.36209682660753884 0.42287959695334815 0.019893807849223944 0.01349309304982545
1 0.4095502580931264 0.5142691958108536 0.019162160088691794 0.013235457315138054
1 0.4557920190687362 0.5144433329101872 0.01907151707317073 0.013530016756585215
1 0.539712 0.43746761599492223 0.018747069800443456 0.01313249806410663
1 0.5397113241685144 0.42216446969216126 0.018669529401330376 0.013330169533481434
1 0.5857131458980044 0.483171155823548 0.018696697827051 0.013717514566804192
1 0.5397545773835921 0.4678719771501111 0.019004516541019954 0.013003738051412249
1 0.6322882980044345 0.3909323357664234 0.01909983130820399 0.013463523643287846
1 0.5395603884700665 0.4067688149793717 0.01872830421286031 0.01354168594097112
1 0.6322970838137472 0.40660238337035864 0.01929568727272727 0.013368112599174864
0 0.585712244789357 0.49825524722310377 0.018532560886917956 0.01313744715963186
1 0.5858012292682927 0.4679041358298953 0.018925737117516626 0.013391981021897809
1 0.6785577490022172 0.5141554173278324 0.019590327272727272 0.013320897810218977
1 0.6787708611973392 0.4835583129165344 0.01970607467849224 0.013122495461758175
1 0.6321538075388027 0.48318117930815613 0.019179286563192902 0.013462187178673438
0 0.585684310421286 0.45266572453189463 0.018810462793791574 0.013352012377023166
1 0.6324239148558758 0.4525145369723897 0.018943015875831484 0.013215296223421135
1 0.6785586501108648 0.4985876927959378 0.01934137348115299 0.013076617137416693
1 0.6322842430155211 0.375742371310695 0.01910859458980044 0.013549934433513168
1 0.6319542119733924 0.4218347388130752 0.019490191574279378 0.013371662583306887
1 0.6322243192904656 0.43725482576959696 0.01908505312638581 0.013335223040304666
1 0.6319805694013304 0.49853444303395744 0.019054730820399116 0.013424891463027609
1 0.6325557019955654 0.46770283084735004 0.018990571884700668 0.013361137924468424
1 0.5395211902439024 0.3763362627737226 0.01831124860310421 0.013149350047603934
0 0.6789688798226163 0.4682626842272295 0.019763475299334813 0.013055045763249763
1 0.6788557906873613 0.45283967375436374 0.019468722660753876 0.012998392192954615
0 0.5397194341463415 0.48315006474135197 0.018865520532150775 0.013454732211996192
1 0.585897422616408 0.3913217899079657 0.019118484257206206 0.013423680291970804
1 0.5860900345898005 0.437257122818153 0.018810688070953437 0.013477201523325929
1 0.5859289614190687 0.3760123789273247 0.01922134580931264 0.013537509489051094
0 0.5399048372505544 0.5140693824182799 0.018598905011086474 0.013707574611234528
0 0.6789733853658536 0.4375260863218026 0.01910494509977827 0.01309760380831482
1 0.5397097472283814 0.4985166931132974 0.01855939139689579 0.01311894547762615
1 0.6320006190687362 0.5142270434782609 0.019165094101995562 0.013726995112662645
1 0.585836597782705 0.5139616299587433 0.018866984833702877 0.01333802126309108
1 0.5397237144124168 0.39170330879086 0.01861462935698448 0.01327689888924151
0 0.6797402288248336 0.37566322754681053 0.019432250288248333 0.013540516534433514
1 0.67934306518847 0.40639335195176135 0.019032428381374724 0.013647621643922563
0 0.6797963228381375 0.3910225471278959 0.019965616496674058 0.013625006156775624
1 0.6794924239467849 0.42193977657886383 0.01865542705099778 0.013421592066010792
0 0.5860458802660754 0.4064499428752777 0.019125895875831488 0.01334885915582355
1 0.5395617401330377 0.45274841827991114 0.019281967893569844 0.013165366740717232
0 0.5856401560975609 0.4218328594097112 0.019455206031042126 0.013129282196128212
1 0.8101071915742795 0.39015259219295456 0.019879074323725057 0.01304819638210092
1 0.7632454913525498 0.4367227457949857 0.01845725760532151 0.013538929482703905
1 0.8102328190687361 0.4057775341161536 0.0201016333481153 0.013681075023801968
1 0.8100670789356984 0.3753303643287845 0.01973272931263858 0.013403842145350682
1 0.8099983144124169 0.4679108181529673 0.019846962172949005 0.01349898172008886
1 0.7630857019955655 0.45233724658838464 0.018634216053215077 0.013433014662012062
1 0.8567484926829267 0.4517730079339892 0.01969252851441242 0.013741382989527135
1 0.8563193756097561 0.48312020311012377 0.020012217427937917 0.013492487337353221
1 0.7630515401330377 0.4677913716280546 0.018657842838137473 0.013249647540463344
1 0.7632375569844789 0.40586983370358615 0.018276398093126388 0.013717201332910189
0 0.8095275419068737 0.45192628371945415 0.019363031840354768 0.013971797841954934
0 0.8564335423503326 0.46747103776578863 0.019956236053215077 0.013809375626785149
0 0.7634544297117517 0.3753625230085687 0.01776784917960089 0.01281295772770549
1 0.8563965152993348 0.49873637448429076 0.01982807396895787 0.013256496921612187
1 0.8094169015521064 0.48331962868930495 0.01949813649667406 0.013690117042208823
0 0.8092870864745011 0.49859291336083783 0.019384454634146345 0.01366562215169787
1 0.7631610784922395 0.4213408733735322 0.018462459024390247 0.01349100469692161
0 0.8567147716186253 0.38993103141859725 0.01940772878048781 0.013530409520787053
0 0.7626755392461197 0.48309932085052365 0.01910776558758315 0.013296549095525231
1 0.7623850532150775 0.498778765471279 0.019084182882483373 0.013470623611551888
0 0.8094067631929046 0.42081819041574103 0.0194654733481153 0.013378261377340526
0 0.8565168532150776 0.4360292459536655 0.01935057929046563 0.013864943319581085
1 0.7634061623059867 0.3904558026023485 0.01801817849223947 0.013289031482069185
1 0.9028698722838138 0.46750424055855283 0.019185632594235034 0.013612643859092352
1 0.8099809028824834 0.43680188955887017 0.019490598847006654 0.013812403554427163
1 0.8570447090909091 0.42064069120914 0.01942368567627495 0.01356945934623929
1 0.9027883246119733 0.483161967629324 0.019157289268292684 0.01330997638844811
1 0.9029719170731707 0.4518158165661695 0.01922254944567628 0.013394988067280228
1 0.8564873197339246 0.3750895918755951 0.01894676403547672 0.013072941859727072
1 0.9027239680709535 0.42036233068867024 0.018746509401330377 0.013372393462392891
1 0.7623830696230599 0.514249596318629 0.019640448203991134 0.01378383662329419
1 0.8565243467849224 0.5145599066962869 0.01974086203991131 0.01405344747699143
0 0.8093523246119734 0.514583712472231 0.019884936940133036 0.013544421516978735
0 0.9026781250554323 0.4048724969850841 0.01894824070953437 0.01344782018406855
1 0.9025264904656319 0.38959983878133925 0.019089736940133037 0.013014972707077119
1 0.9027955977827051 0.4983828378292605 0.01919402980044346 0.013366024373214852
1 0.9023376084257206 0.37501942748333866 0.01884344093126386 0.013033850269755632
1 0.9028152133037693 0.43603571945414155 0.019071201374722842 0.013390811615360201
1 0.8564859973392461 0.4049641701047287 0.019181709490022174 0.01301858533798794
1 0.9027323432372506 0.5140796147254839 0.019384432594235036 0.013457906315455412
0 0.1350285827050998 0.6064536413836877 0.01976878847006652 0.013632974928594097
1 0.2307990470066519 0.6052276991431291 0.019498468337028826 0.013007702951443987
0 0.08798372461197339 0.6382520038083148 0.020171560709534367 0.01311569152649952
0 0.2302078279379158 0.6359911063154554 0.019734366784922394 0.013002394160583939
1 0.08790282572062083 0.6074349907965725 0.01970980252771619 0.013302405585528402
0 0.08800842483370289 0.6228684227229451 0.019715694323725056 0.013067653443351316
0 0.230208734368071 0.6515322678514758 0.01958154266075388 0.013009904157410344
1 0.13458397871396896 0.621978747064424 0.019785421463414634 0.013255144398603617
0 0.23054773924611976 0.6207709324024119 0.019733165764966743 0.013242714059028878
0 0.18356565144124168 0.6058099828625833 0.01983969396895787 0.013357435734687402
0 0.1344516399113082 0.6530123846397968 0.019760494634146343 0.013653821643922563
1 0.1343086505543237 0.6374033741669312 0.019537195565410198 0.013444059663598854
1 0.18334017694013305 0.621283554427166 0.0196344555210643 0.013325582989527131
1 0.18312082084257206 0.6366690777530942 0.02000831263858093 0.013161657886385274
1 0.18323820354767184 0.6524715353855919 0.01993142470066519 0.013732288162488096
1 0.08805827849223946 0.6543367337353221 0.019880800576496674 0.01420580641066328
1 0.3150137441241685 0.6345730888606792 0.019789120576496674 0.012964713106950175
0 0.31475203769401333 0.6500343097429386 0.019644889756097562 0.012878869819105047
0 0.45671113835920174 0.6033871497937163 0.019566175476718402 0.013155231989844493
1 0.45669584966740573 0.6187542091399555 0.019421135254988914 0.012707196159949224
0 0.4564622474501109 0.6334940415741035 0.019413288558758315 0.012710373627419868
1 0.3152714035476718 0.6040573887654712 0.019476736629711753 0.01311661155188829
0 0.31529838359201773 0.6192832703903522 0.019460908337028827 0.013084966042526184
0 0.3626139618625277 0.6034871237702317 0.019747818625277164 0.013475174547762616
1 0.4566659467849224 0.6486323490955253 0.019225552416851446 0.012816689622342115
1 0.40934856984478935 0.6034251244049508 0.019858414323725055 0.01351172834020946
0 0.3620496292682927 0.6341447765788639 0.01920180997782705 0.012997521104411299
0 0.4097503476718404 0.6188876369406537 0.019581351751662972 0.012882460615677565
1 0.3624509574279379 0.6489237461123453 0.019132134013303773 0.013282589019358935
1 0.40989693924611975 0.6337399723897176 0.01933459676274945 0.012844692668993971
1 0.36217710997782704 0.6188499206601079 0.01967548962305987 0.013173702634084418
0 0.40997383237250556 0.6486949942875277 0.019575393658536583 0.013183648365598223
0 0.5874549844789357 0.6036297705490321 0.020025042572062085 0.013510251031418596
0 0.5410194279379158 0.618945766105998 0.0190335844789357 0.012698314788955885
1 0.5408742305986696 0.6339195391939066 0.01954661507760532 0.012839974706442398
1 0.5407039290465632 0.6037656896223421 0.019882943680709534 0.013070473532211996
0 0.6813639645232816 0.6498127648365598 0.01926169356984479 0.01281522878451285
1 0.6812318847006652 0.6344594144715963 0.019295256319290462 0.012958173183116472
0 0.634795423503326 0.6344733078387813 0.019172675388026608 0.013142994287527769
0 0.6810708558758315 0.6192920517296097 0.019348065631929045 0.013224781656616946
1 0.680877711751663 0.6038005541098064 0.01961577605321508 0.013340647096159949
0 0.6345975299334811 0.6036551980323707 0.019875548115299336 0.013505401459854013
0 0.5877634722838138 0.6342525867978419 0.02031270066518847 0.012991255125357029
0 0.5406107494456763 0.648789374166931 0.019522664301552105 0.012733310345921928
1 0.5874812195121951 0.6192451288479848 0.019946247006651884 0.01316265471278959
1 0.6346529401330377 0.6191752688035544 0.019162339689578714 0.013170912091399554
1 0.6351785454545454 0.649686020628372 0.019178940133037694 0.012819501650269757
1 0.5880269534368071 0.6498177454776262 0.020297434589800444 0.01373123421136147
0 0.7653991662971176 0.6347761364646144 0.01954733268292683 0.012919376071088545
0 0.7653569241685144 0.6502529863535386 0.019458400709534366 0.013008241827991112
0 0.8115201951219512 0.6196422205649 0.019496150421286034 0.013172281815296732
1 0.8117191130820399 0.6042891110758489 0.019528871308203993 0.013259210092034276
1 0.81181164345898 0.6348400733100603 0.01944329188470066 0.01292376769279594
1 0.7656680407982261 0.6197934731831164 0.0189406999556541 0.012650802570612504
1 0.9040762749445677 0.6187246299587433 0.019228125232815963 0.012916276102824501
0 0.7653017188470067 0.6046205493494129 0.019769204434589804 0.013267993335449067
0 0.9044428203991131 0.6486247280228499 0.018427491618625277 0.0124373568390987
1 0.812307820842572 0.6496470717232625 0.01960855024390244 0.013054999682640433
0 0.8586302261640798 0.6190000104728658 0.019247592372505545 0.013159365280863217
0 0.9041609827050998 0.6337381637575373 0.019183357516629713 0.013011600126943829
1 0.8584612576496674 0.6340697311964456 0.018953283192904655 0.012967167248492542
0 0.9036820150776054 0.6032132929228816 0.019180630776053215 0.013555644557283402
1 0.8588193099778271 0.6488764712789591 0.018857623769401328 0.012809960107902255
1 0.8584449419068736 0.6036788048238655 0.019584367184035473 0.012981633767058076
1 0.1495988576496674 0.8238968038717868 0.019401614501108645 0.013434688924151063
1 0.23515540931263856 0.8529951294827038 0.018876414013303765 0.013103694700095208
1 0.14962241330376938 0.8389016870834657 0.019162585011086475 0.012986645160266581
1 0.258338400886918 0.7759162488099016 0.019196499113082036 0.014251493938432244
1 0.12730796097560973 0.8392131174230403 0.018721490288248335 0.013065388511583625
1 0.14966499467849223 0.8087727914947636 0.01946572815964523 0.013540698476674072
1 0.2575963977827051 0.8373132126309107 0.01919809968957871 0.013266804093938434
1 0.2797208949002217 0.8367427277054902 0.01907425130820399 0.013137276801015554
1 0.3022301343680709 0.8210246099650904 0.019303496141906868 0.01344108184703269
1 0.2798972603104212 0.8216436194858775 0.019106866829268293 0.013363776261504288
1 0.23534355254988912 0.8074972878451285 0.019280242483370284 0.013515075436369407
1 0.14986159379157427 0.7935032053316406 0.019641217782705098 0.013687119517613458
1 0.12759636674057648 0.8539748641701047 0.0186553532594235 0.012774959822278643
1 0.12754442350332593 0.7936883176769279 0.019171554279379156 0.013540749825452237
1 0.2345686319290465 0.8673604636623294 0.019284893215077602 0.012885642113614726
1 0.08360135077605323 0.8536891082196129 0.01899546066518847 0.01269829609647731
1 0.23511222394678494 0.8376426150428435 0.01901641915742794 0.012940174516026658
1 0.12797204922394675 0.8680580368137101 0.018605191796008867 0.012222241574103461
1 0.08360829667405766 0.8680719009838147 0.019145129667405763 0.012345375944144718
1 0.25765649490022174 0.8221429863535386 0.019288970155210642 0.013207804347826087
1 0.10520128159645231 0.7940613665503016 0.019050182261640798 0.013426729863535387
1 0.30227513170731707 0.8056905810853697 0.019385306740576494 0.013573998159314503
1 0.2354722026607539 0.792475459536655 0.019109675388026607 0.01322993567121549
1 0.2348005645232816 0.8817424861948587 0.019200515654101993 0.012158286670898128
1 0.1054969352549889 0.7787812538876547 0.01872900997782705 0.013784220057124721
1 0.08328576541019955 0.8245594598540146 0.019137428780487804 0.013235019200253889
1 0.149990243902439 0.7780865049190733 0.01983615592017738 0.013746530053951126
1 0.3021464815964523 0.8360798149793717 0.019186110465631928 0.012942664931767694
1 0.10595989445676274 0.8680613744842907 0.01820764483370288 0.012276542907013646
1 0.10565216097560975 0.8538611266264678 0.01853180687361419 0.012676472865756903
1 0.25807204079822615 0.7916913636940653 0.019300294988913523 0.01362937781656617
1 0.12736654811529932 0.8242652313551253 0.018788321906873615 0.013142565725166616
1 0.25783859822616406 0.8069370726753411 0.01928036328159645 0.013496872294509679
1 0.2809228372505543 0.7755064855601397 0.01939820195121951 0.013918317391304348
1 0.23530852106430156 0.8226528797207235 0.019133170643015524 0.013604858774992068
1 0.25733577560975607 0.8666038394160583 0.01872608062084257 0.012287711266264678
1 0.08338361197339246 0.8392680606156775 0.019060721906873614 0.012914910917169155
1 0.1055259268292683 0.839279357346874 0.018601839645232817 0.012857965122183434
0 0.25758371396895785 0.8524803579815933 0.019030914944567625 0.013120870866391621
1 0.128428666518847 0.8824272221516979 0.018301323858093122 0.01189817943509997
0 0.12766522172949002 0.7784028133925738 0.0192711222172949 0.013918882227864172
1 0.28031099423503325 0.8063298733735323 0.01914597525498891 0.013552893811488418
1 0.3024530070953436 0.7904043065693431 0.0191917577827051 0.013584807077118377
1 0.25866123414634146 0.7601526874008251 0.019807587139689574 0.014445951761345605
1 0.25754656851441243 0.8960631469374801 0.018567895343680706 0.012430640590288798
1 0.23499535166297114 0.896372780069819 0.018960157383592014 0.01223692732465884
1 0.28068546873614186 0.7909719673119644 0.019253636674057648 0.013689738305299909
1 0.1288729019955654 0.8963756042526183 0.018286526075388027 0.011976486321802603
1 0.10619635698447893 0.8823139980958427 0.01839098634146341 0.012023752872104096
1 0.10557394412416851 0.8243715233259282 0.018655655254988912 0.013077352776896223
1 0.2571841738359201 0.8815519822278642 0.019039823813747227 0.012543351158362427
1 0.1498634057649667 0.8537011751824817 0.01885062359201774 0.012753367661059984
1 0.14990719512195122 0.8680256870834656 0.01901388239467849 0.01229300019041574
1 0.08477611352549888 0.8962395299904793 0.018455492594235033 0.011994817835607742
1 0.0829433024390244 0.7787522418279911 0.01889272177383592 0.013464907680101557
1 0.10696855964523282 0.8962831764519201 0.018034359778270507 0.012093484512853065
1 0.25728262439024385 0.9102359231989844 0.018482853392461196 0.012236285464931768
1 0.12878018935698446 0.910124239606474 0.01867045303769401 0.012036718438590924
1 0.08529886784922396 0.9098076743890829 0.01812891458980044 0.011699177245318946
1 0.10681212594235032 0.9099381002856236 0.018196440798226167 0.011857023389400194
1 0.23529644124168514 0.9103265537924469 0.018798559556541018 0.012129865122183435
1 0.2799036022172949 0.8663565950491907 0.018836943192904652 0.012570591685179308
1 0.08311694988913525 0.7944439149476358 0.01868232146341463 0.013030625388765472
1 0.2798703827050998 0.8956980571247224 0.018130515166297118 0.012467072548397335
1 0.30228026563192906 0.8509994592192954 0.018791311662971176 0.012935861218660744
0 0.1053984847006652 0.8091946217073945 0.018835191618625274 0.01336018184703269
1 0.27986706075388024 0.8811175715645827 0.018469203192904658 0.012421423484608063
0 0.23572920088691796 0.776579675023802 0.01927390057649667 0.013767351983497305
0 0.08328183946784921 0.8093635591875595 0.019091646252771616 0.013500928847984768
1 0.27936272815964525 0.9098490101555062 0.018371417028824832 0.012331049635036498
0 0.2810418235033259 0.7600864474769915 0.019201149844789354 0.014046920406220248
1 0.12788447050997784 0.7630454208187877 0.0190513600443459 0.014033004887337353
1 0.30170798403547666 0.8805288578229135 0.01931001924611973 0.01232753224373215
1 0.30192813880266073 0.8656867502380197 0.019288577560975604 0.012544891621707396
1 0.15002587937915743 0.8823396724849254 0.01903994461197339 0.012041519549349415
0 0.30272782305986695 0.7750040377657886 0.019405751840354764 0.0135385675023802
1 0.1056509529933481 0.7634839393843225 0.018987336984478933 0.013733513138686133
0 0.1504248155210643 0.8963658479847668 0.01853126328159645 0.012024497429387496
1 0.23686259024390244 0.7453316328149794 0.019005184922394676 0.013900525039669947
1 0.3017581152993348 0.8951994604887338 0.019048913880266072 0.012433875563313235
1 0.15083764345898001 0.9100867549984132 0.018220419246119734 0.011661512916534432
1 0.3014458518847007 0.909275187559505 0.018726865809312637 0.011992019327197716
1 0.08410115343680709 0.8819928114884164 0.018918632993348117 0.011866497238971757
1 0.08385623503325941 0.7479627442081879 0.018470531973392462 0.01376170361789908
1 0.12756526119733927 0.8090074554109806 0.019250163725055433 0.0135409552205649
0 0.27971636496674057 0.8517578806728023 0.019052145232815967 0.013000175563313236
1 0.4103793237250555 0.832908524278007 0.0187745487804878 0.013119482545223741
1 0.41034430155210644 0.8479364931767693 0.01869061529933481 0.013029705807680102
1 0.45514813747228383 0.8169354554109806 0.019356665188470065 0.013440413043478261
1 0.4103927937915743 0.8177993398920979 0.01889482150776053 0.013212414788955887
1 0.41041015521064306 0.7872496429704856 0.019283837028824833 0.01312993192637258
1 0.433179955654102 0.7715359980958426 0.019473046563192906 0.013799882100920343
1 0.4323858203991131 0.832356827991114 0.019256208425720622 0.013188386385274517
1 0.5628877161862528 0.7715207378609966 0.019008688470066523 0.013390054268486195
0 0.4104041685144124 0.7717382608695652 0.019196640798226163 0.013407978578229136
1 0.4103871064301552 0.8023502919708029 0.01910818736141907 0.01321350111075849
1 0.4105732926829268 0.7564511266264677 0.018680976718403547 0.013937405268168836
1 0.45527385809312637 0.8320350698191051 0.019161738359201777 0.012939256585211044
1 0.4324837028824834 0.8473338432243733 0.01928237028824834 0.012909305141225009
1 0.4333074722838137 0.7561598889241511 0.019524621951219512 0.013935568867026344
1 0.6066465742793792 0.8310687607108853 0.019039519955654102 0.012907598064106632
1 0.38792143015521063 0.8484656870834655 0.018804452328159645 0.012973527451602665
1 0.5611755210643016 0.8901682878451285 0.018676277161862525 0.012553120913995557
1 0.43241455654101996 0.8171710837829261 0.019254262749445677 0.013155745001586795
1 0.5395952771618625 0.8313545668041891 0.019192749445676272 0.013180342430974294
1 0.5626856651884701 0.80135216915265 0.018824238359201773 0.013140458901935891
1 0.5844045011086474 0.8312244668359251 0.01897824611973392 0.012815519358933672
1 0.4551310753880266 0.8018989511266265 0.019334185144124164 0.013230623611551886
1 0.38745536585365853 0.8627177118375119 0.0192524667405765 0.0127414166931133
1 0.5625752106430156 0.7863438575055538 0.019342446784922397 0.013051096001269436
1 0.4331826496674058 0.7870171183751191 0.019405935698447896 0.013399443192637259
1 0.606751042128603 0.8162676261504285 0.019243037694013306 0.013214096001269438
1 0.38786246119733925 0.8333337416693114 0.0189564844789357 0.012914762615042845
1 0.5849744345898005 0.8012906109171692 0.019024613082039912 0.013165159790542684
1 0.539544689578714 0.8460183592510315 0.019057150776053213 0.01303650825134878
1 0.38721859201773834 0.8924780149158997 0.019226514412416854 0.012745192954617582
1 0.5391762084257206 0.8606423198984449 0.01930338359201774 0.012755538876547129
1 0.5625473725055433 0.8164060028562361 0.018813103104212858 0.012891898127578547
1 0.41019702882483366 0.8621517899079657 0.018704594235033258 0.012418261821643921
1 0.5618122062084256 0.8605817962551571 0.018845401330376942 0.012634517454776263
1 0.5630316962305987 0.7559219327197715 0.019459456762749443 0.014481186924785783
1 0.5618861419068736 0.8461461313868612 0.018981898004434592 0.013041577753094256
1 0.3878546784922395 0.7718386163122818 0.01917209534368071 0.013422307680101556
1 0.5398757538802661 0.8164246255157094 0.019400936807095343 0.013294742462710249
0 0.5608567294900222 0.9044808362424628 0.019014944567627496 0.012487708822596002
1 0.5852878381374723 0.7714961662964137 0.019196131929046564 0.013431593145033323
1 0.5846556430155211 0.8162844382735639 0.01902745676274945 0.013012505712472231
1 0.38738083148558755 0.8773680545858457 0.01928222062084257 0.012659399397016822
1 0.5619334368070954 0.8313046477308791 0.018973456762749443 0.012748839892097748
1 0.5386386031042129 0.8903793446524912 0.018962710643015523 0.012677142653125991
1 0.3879657317073171 0.802885693430657 0.019579011086474505 0.013498557124722312
1 0.6065459977827052 0.8458497207235798 0.0189759711751663 0.012869654395430023
1 0.3879860864745011 0.8182902538876546 0.019184188470066522 0.0134503192637258
1 0.5840171618625277 0.860427900666455 0.018598869179600887 0.0126610030149159
1 0.40976149667405765 0.891923473500476 0.018490090909090907 0.012732157092986352
1 0.5400224279379158 0.8013332878451285 0.019426380266075387 0.013299708505236433
0 0.5840659534368071 0.8459120549032054 0.018742669623059868 0.012821209615994922
1 0.6069979933481153 0.7866206109171692 0.018905178492239466 0.013086867026340843
1 0.5837094456762749 0.8898809298635354 0.018495508869179604 0.012673392256426533
1 0.4323478048780488 0.8913606553475086 0.018610962305986696 0.012597867026340843
1 0.5387095454545454 0.9047004284354173 0.018721686252771617 0.012326984925420503
1 0.43280399113082035 0.8021462186607426 0.019549107538802662 0.013170875912408758
1 0.5401858647450112 0.7711594065376072 0.018959986696230603 0.013471295620437956
1 0.585385421286031 0.756324389082831 0.018908950110864745 0.013870984449381148
1 0.5614149889135255 0.8753397365915583 0.018812654101995566 0.012732027768962234
1 0.43255763858093127 0.8765701253570296 0.018819239467849223 0.012670340209457315
1 0.3872416407982262 0.9067838384639796 0.01888922394678492 0.012342969374801652
1 0.45520740576496677 0.7868852078705173 0.01930224611973392 0.013453759282767375
0 0.5390214523281597 0.875362238971755 0.019183949002217295 0.01288315582354808
1 0.4554067627494457 0.8468374976198032 0.018878328159645234 0.012835668041891464
1 0.6057518625277162 0.8894363138686132 0.01883929490022173 0.012746900031735958
0 0.4325312971175167 0.8618848651221834 0.018950827050997782 0.012625490637892733
0 0.3887047893569845 0.7412770215804506 0.019288446784922395 0.013817987464297049
0 0.3879480709534368 0.7879692018406854 0.019272941241685142 0.013214949539828626
1 0.6071479600886918 0.7714506442399238 0.018829805986696233 0.013241952396064741
1 0.40959566518847007 0.9063609489051095 0.01867011086474501 0.012493735322119963
1 0.40979861419068736 0.8770424166931133 0.018845521064301554 0.012733631386861313
1 0.5400658314855875 0.786225913995557 0.019273031042128606 0.013043336559822278
1 0.43211402439024393 0.9060169470009521 0.018682712860310424 0.012636405585528402
1 0.5833134257206208 0.9043745318946367 0.018535559866962308 0.012705076642335765
0 0.6064175831485588 0.8604612662646779 0.01887988470066519 0.0127829297048556
1 0.5838992239467848 0.875089106632815 0.018476740576496675 0.01256170802919708
1 0.4550373835920178 0.8616644969850842 0.01908825166297118 0.012681384481117105
1 0.6058308869179602 0.8748449428752777 0.018895300443458978 0.012633767375436368
0 0.4553361197339246 0.7712419152649952 0.019369207317073173 0.013619811329736593
1 0.4543770509977827 0.891108473500476 0.01938228824833703 0.012489596953348144
1 0.6056072838137472 0.9040626023484607 0.018866923503325944 0.012736657569025705
1 0.45471230598669626 0.8764803744842907 0.019145215077605318 0.012538429704855601
1 0.5410545343680709 0.7406381609013012 0.01839972172949002 0.013425256267851477
1 0.45420912416851444 0.9056742383370359 0.019167994456762753 0.01238264598540146
1 0.5852399445676275 0.7863498064106632 0.019037753880266076 0.013164564900031735
1 0.6068348558758315 0.8013886385274516 0.01912761419068736 0.013193430022215168
0 0.5852189911308204 0.7863384258965408 0.019035179600886916 0.013077167724531893
1 0.7138628762749446 0.7712679911139321 0.019000822172949003 0.013500385274516028
1 0.837821489135255 0.9025213392573787 0.018641435210643018 0.012616653760710883
1 0.7569166811529933 0.8005019930180896 0.018628881773835922 0.013158072357981592
1 0.8828189844789356 0.798695702951444 0.0186575155654102 0.013233930815614088
1 0.8823766252771619 0.828619327197715 0.018587186430155216 0.012927712472231038
1 0.7133368274944568 0.8160205775944145 0.018696132328159646 0.01310576515391939
1 0.7135553170731708 0.8009959187559506 0.018725423680709535 0.01292084227229451
1 0.8828966962305987 0.7837215296731196 0.01857149463414634 0.013189534750872738
1 0.9042357454545454 0.7837556204379562 0.018623232727272728 0.013344166296413837
1 0.8378208913525499 0.8879919073310061 0.018684356008869182 0.012738834020945732
1 0.7567929401330377 0.8152937416693113 0.018800833968957875 0.013189638844811174
1 0.7135406713968958 0.7861268803554426 0.018918716718403547 0.013040732465883848
1 0.691090643015521 0.8162134116153602 0.018669829889135257 0.013042007616629641
1 0.7347018802660754 0.8306127261186924 0.018586648425720623 0.012865854649317677
1 0.9041553436807096 0.7986119073310061 0.018671922128603108 0.013248295779117741
1 0.6905950811529933 0.8306408314820691 0.01879700815964524 0.012892476674071724
1 0.7354027804878049 0.8007429704855601 0.018519308203991135 0.01289666645509362
1 0.8600748470066519 0.887681967629324 0.018336476363636365 0.012840403681370991
1 0.838111712638581 0.8728748651221834 0.01876170909090909 0.012470401777213582
1 0.8825350376940133 0.8136987622976833 0.018655303769401332 0.01293489495398286
1 0.8608388133037694 0.8139480672802285 0.018456062793791576 0.013032430974293876
1 0.8607350980044346 0.8288394858774992 0.018303508647450114 0.012746823230720405
1 0.859260069179601 0.9023287654712789 0.018721059866962306 0.01264933925737861
0 0.7129928035476719 0.8306975626785147 0.018869040975609753 0.01294002158045065
1 0.7128606935698448 0.845319377975246 0.018629898004434594 0.01279855791812123
1 0.8391724780487805 0.7690619803237068 0.018542143503325944 0.012829603935258648
1 0.8829932381374724 0.7688699270072993 0.01870082492239468 0.013020173913043477
1 0.7357844647450111 0.7712149032053316 0.018553112815964525 0.013348590288797205
0 0.7349828381374723 0.815686696286893 0.018575440000000002 0.013172072992700729
1 0.7567194128603104 0.8302684354173278 0.01881831911308204 0.013257247857822911
1 0.8824313223946785 0.8433749032053317 0.01856088399113082 0.012885294192319898
1 0.8609936390243903 0.7989593208505237 0.018655841773835922 0.01310927832434148
1 0.7124775148558758 0.8594797968898762 0.01846015760532151 0.012306922246905744
1 0.691386844345898 0.8011458140272929 0.01878038980044346 0.01282541415423675
1 0.7357372399113081 0.7859064614408124 0.018607451263858096 0.013098296413836877
0 0.9042064541019955 0.8135212821326564 0.018623710953436807 0.013289855284036813
1 0.7564961410199557 0.8450596635988574 0.018717592727272726 0.012887636305934624
1 0.8607147733924613 0.8436653252935575 0.01844440603104213 0.012991834338305301
1 0.8824139866962305 0.8578634782608695 0.018364811263858093 0.012673645192002538
1 0.8382447192904656 0.8583326816883529 0.01876308399113082 0.012859713106950176
1 0.8387609046563193 0.8436385211044113 0.018584018181818183 0.013087626785147573
1 0.7136981871396896 0.7558868105363377 0.01920995645232816 0.014159690257061252
1 0.7109938181818182 0.9033626785147573 0.018722434767184038 0.012491819105046017
1 0.7343772842572063 0.8453019422405585 0.01837987538802661 0.012688816883529038
1 0.8390116745011087 0.8141908663916217 0.018590683458980045 0.013191070136464613
1 0.7117308842572062 0.8889768962234211 0.018366425277161865 0.012653659155823548
0 0.6896592523281597 0.8742738876547128 0.018948426518847008 0.012530203744842908
1 0.7118836177383592 0.8742868993970169 0.018751546784922395 0.012630576324976198
1 0.7570341454545455 0.7858427039035227 0.018575888337028824 0.012981424944462075
0 0.882134822172949 0.8873197207235799 0.018159771796008868 0.012941843224373216
1 0.8610411627494458 0.7690726499523961 0.01849862492239468 0.013073990479212948
1 0.6899261623059867 0.8597444557283402 0.019252907139689576 0.012641948587749918
1 0.7359168736141907 0.7561212821326563 0.0185164089578714 0.013540253252935576
0 0.8609494031042129 0.783984366867661 0.018697357782705103 0.013056528721040938
1 0.7328729640798226 0.9033608568708347 0.01843098580931264 0.012765039669946049
1 0.8604813392461198 0.8578910631545541 0.018479436097560975 0.012462985084100285
1 0.6889774811529933 0.8891892478578229 0.01882292203991131 0.01267723643287845
1 0.9041840372505543 0.828496756585211 0.018486579600886923 0.013023426848619487
1 0.860033002217295 0.872731475721993 0.018649684611973395 0.012862887972072358
1 0.7343949188470067 0.8596528530625197 0.01829361534368071 0.012322406220247542
1 0.8391031352549889 0.7992411551888289 0.018799399290465632 0.013095668041891464
1 0.8391853303769401 0.7845883719454141 0.018457198580931266 0.012760329419231988
1 0.7341928682926829 0.8741489749285941 0.018076440886917962 0.012477454141542369
1 0.6914337702882484 0.7714038337035861 0.01861244274944568 0.01307732148524278
1 0.8823715441241685 0.8723437258013329 0.01831917055432373 0.012581548079974612
1 0.9040848053215078 0.8432299523960647 0.018232163281596454 0.012914726753411616
1 0.8815809764966741 0.9021013202158045 0.018160339689578715 0.012676663916217074
1 0.7336919263858094 0.8888871152015233 0.017945675920177383 0.012745105680736276
1 0.6888842270509977 0.9034131640748969 0.01865727645232816 0.012270177086639161
0 0.8388305463414635 0.8288852872104094 0.01881051804878049 0.013128795937797526
1 0.6913315494456762 0.7864914693748017 0.01899018164079823 0.012777661059980957
1 0.756135976940133 0.8594579371628055 0.018820710243902437 0.012445393208505235
1 0.8611218634146341 0.7542957346874009 0.018300161064301552 0.01316416185337988
1 0.904008289135255 0.8577726562995874 0.018326463503325945 0.012773887654712789
1 0.6903724070953438 0.8453526880355443 0.019028379955654106 0.01304271025071406
1 0.8829561756097561 0.7542064741351953 0.01866486829268293 0.012928701364646144
1 0.7571575875831486 0.7708625452237385 0.018734121419068737 0.013046769914312919
1 0.7551203441241685 0.9032671723262456 0.01885750376940133 0.01264775182481752
1 0.9042934314855876 0.7687182100920342 0.018785829623059868 0.012929664233576641
1 0.7555606110864745 0.8738655791812123 0.019004887095343682 0.012609106950174545
1 0.8397723529933482 0.7396869311329737 0.018118883458980047 0.013277754363694065
0 0.7553624461197339 0.8886469184385909 0.018767836363636364 0.012942259600126942
1 0.9037530359201774 0.8723231672484926 0.01861047006651885 0.012670886702634087
1 0.9035252807095344 0.8871669628689305 0.01867661472283814 0.012948661377340527
0 0.691985224833703 0.7412236178990796 0.018730803725055437 0.013483756267851475
1 0.9033722483370289 0.9022824436686766 0.018882849756097567 0.012989856553475088
