1 0.7846187263858093 0.17623956553475087 0.015629113037694015 0.010980739796889879
1 0.7848688784922394 0.22731036496350365 0.015632429800443458 0.010679484798476675
1 0.7334919135254989 0.2953902741986671 0.01574901246119734 0.011305903300539513
1 0.8809167481152993 0.26316646524912723 0.014633898226164082 0.010895327102507141
1 0.8807939968957871 0.19515646048873372 0.015163433348115301 0.010966014820691844
1 0.7510673463414634 0.29538361662964135 0.015890207361419068 0.011177353475087274
1 0.7685076288248337 0.26088585623611554 0.015349079068736143 0.010655674198667088
1 0.8805267960088692 0.17822254205014282 0.015174778536585368 0.01095491234528721
1 0.8024542305986696 0.22781301142494445 0.01580499445676275 0.01029894598540146
1 0.80229862172949 0.17665253062519834 0.01592349898004435 0.010441868327515074
1 0.7670566226164081 0.17621861377340528 0.015519535875831486 0.010622484258965408
1 0.8026492066518848 0.24483602380196764 0.015589435875831486 0.0104208969850841
1 0.7148452283370289 0.24302849381148842 0.01615703627494457 0.010824854776261503
1 0.8031138634146342 0.2616264128847985 0.015485810288248338 0.010680757569025708
1 0.784695290909091 0.21027110028562362 0.015439654589800447 0.01080035883846398
1 0.7685141383592018 0.29535972770549035 0.015522325676274944 0.011073064614408124
1 0.8806290886917961 0.2462429247857823 0.0148054089578714 0.010938620882259602
1 0.8021318536585367 0.19363990542684864 0.01561265321507761 0.01051106788321168
1 0.784725978713969 0.1595725372897493 0.01569417738359202 0.010581833925737862
1 0.7676269818181818 0.2269161977150111 0.015306209135254989 0.01062459901618534
1 0.8628372913525499 0.1950041196445573 0.015618666784922394 0.011243890003173596
1 0.768053511308204 0.2782578035544272 0.015453603592017738 0.010651562170739448
1 0.7328862168514413 0.27774125452237386 0.015576168824833703 0.010620682799111394
1 0.7845418518847006 0.19348932688035544 0.015721145454545456 0.010546274674706441
1 0.7506904133037694 0.2777453665503015 0.015469536452328158 0.010338558521104413
1 0.8031894980044346 0.27889340558552844 0.015480168691796008 0.010799242716597907
1 0.7852408518847007 0.24413600000000002 0.015537421596452328 0.010465267724531895
0 0.8021799002217295 0.21056207521421774 0.01574622266075388 0.01052733976515392
1 0.8631776470066519 0.2797242310377658 0.015502022128603106 0.01103877813392574
0 0.8812877915742794 0.2800851104411298 0.014338892328159648 0.010760530910821964
1 0.7325523707317073 0.24329597143763887 0.015565443592017739 0.01052745725166614
1 0.7326094066518847 0.2604225677562679 0.015732676629711752 0.010988670136464616
1 0.7148936778713969 0.2603185921929546 0.01600998279379158 0.011042909742938752
1 0.8629222252771619 0.26295479371628055 0.015447621019955655 0.01135710783878134
1 0.7850254172949003 0.1430558917803872 0.015463057915742796 0.01072644024119327
1 0.8806312585365854 0.21221315233259286 0.01488997090909091 0.011120020057124723
1 0.862661533924612 0.24605866677245325 0.015536615654101998 0.01133220069819105
1 0.8806417977827051 0.22932447540463344 0.014834484878048783 0.01110384608060933
1 0.749879201330377 0.24360104474769914 0.015698703059866963 0.010702316344017774
1 0.7857135680709535 0.29554124436686763 0.014972301019955656 0.011090707172326247
1 0.8969274128603104 0.17840405871152018 0.013176289490022173 0.011031689781021897
1 0.7680150740576497 0.24405101808949542 0.015493683725055435 0.01071383002221517
1 0.7672382696230599 0.20978235639479528 0.015514390243902438 0.010637972897492862
1 0.7856698611973393 0.278224907331006 0.015384757516629712 0.010757554585845765
1 0.732155599113082 0.22632347826086954 0.015280140000000001 0.01094163636940654
1 0.715652162616408 0.2952185480799746 0.016215064124168517 0.011247160044430342
1 0.7672283503325943 0.19315037829260553 0.015478184833702884 0.010514533735322119
0 0.71516391654102 0.27729617645192006 0.016190265898004437 0.010870498286258332
1 0.8025425742793791 0.15994222818152967 0.01567492776053215 0.010496773690891779
1 0.8027753676274945 0.14319100126943826 0.015432587095343682 0.01041110644239924
1 0.8034666181818182 0.2961817416693113 0.015294398980044347 0.011340483497302442
1 0.8634259392461198 0.14431182259600128 0.016398973968957873 0.011078860615677564
1 0.7501808097560975 0.2604206096477309 0.015584538226164082 0.010421406093303715
1 0.7140739415077605 0.192160554427166 0.015988346341463417 0.010757965788638526
1 0.8976716696230599 0.26358295493494127 0.013559546075388028 0.010941910504601712
1 0.7140353182705099 0.2089225509362107 0.016182361463414636 0.011050879244684227
1 0.8981527552106431 0.28035062995874327 0.01401093578713969 0.010961941954934941
0 0.8626764128603105 0.1779327419866709 0.015364980931263858 0.011167582513487782
1 0.7318177232815966 0.17563235607743574 0.015317678314855877 0.010445060044430339
1 0.8636150257206209 0.2970683732148524 0.015081878181818185 0.011234295271342431
1 0.8807660988913526 0.16122283116470962 0.015329178492239472 0.01087621596318629
1 0.7319330350332595 0.19220715741034594 0.015208132150776054 0.010357160552205648
1 0.7142925068736142 0.22612100983814662 0.016541873747228382 0.010653011171056808
1 0.732070045232816 0.20907998286258334 0.015417460177383591 0.010674393716280548
1 0.8970011875831485 0.19558881085369723 0.013135713392461197 0.01095289549349413
1 0.8625592412416851 0.229101642653126 0.015334758093126387 0.011405727673754362
1 0.8628831680709536 0.212007355125357 0.015151716186252773 0.011490866232941925
1 0.7142588432815965 0.17537466899397017 0.016113546385809314 0.010952249317676927
1 0.7497889977827051 0.19260915709298637 0.015399450465631931 0.010376604569977787
1 0.7492297977827052 0.17599969723897177 0.015217152505543239 0.010466168454458902
1 0.8987156749445676 0.2970658276737544 0.013994506962305987 0.011062529990479214
0 0.7856416532150776 0.2610291897810219 0.015151995166297118 0.010703021263091082
1 0.7500580585365854 0.22653808695652172 0.015150259290465637 0.010750799111393209
1 0.7498575028824833 0.2094647511900984 0.015658901906873614 0.010698909235163442
1 0.8973006261640798 0.24674752935576008 0.013615745055432373 0.010849879403364014
1 0.8811163738359202 0.29694579562043794 0.014617035432372506 0.010917473310060299
1 0.8973895898004435 0.16132582767375436 0.012859492150776053 0.010832217264360521
0 0.7673256833702883 0.159600538241828 0.015583329312638585 0.010730415201523326
1 0.73202757827051 0.15933149412884798 0.015041085099778272 0.01021110523643288
1 0.7676725485587583 0.14297541351951762 0.015370994501108647 0.010689275341161535
1 0.8630902332594235 0.16115566804189146 0.01624851073170732 0.011126383909869883
1 0.7144996650554324 0.15887349254205016 0.015737140310421286 0.010186785528403684
1 0.8812533840354767 0.14445280641066327 0.01463851689578714 0.011369874706442401
0 0.7500149716186253 0.1429205864804824 0.015569442305986697 0.01061455391939067
1 0.749472200443459 0.15951751443986034 0.015341050643015525 0.010556828879720724
0 0.7325086638580931 0.14278684766740718 0.014975710776053216 0.010161075563313235
1 0.8971939937915744 0.22981968105363373 0.013389585232815965 0.010993663313233894
0 0.8975182305986696 0.14443577086639162 0.01248218713968958 0.011097188511583625
1 0.7149756670066519 0.14241891907331006 0.015245019512195125 0.010508757315138052
1 0.8969931281596452 0.21267193716280547 0.013276722305986697 0.0112069600761663
1 0.13539349356984479 0.39364255696604256 0.01977022376940133 0.013379327578546492
1 0.22972088514412414 0.39280180228498895 0.019293509135254988 0.013139438559187562
1 0.1350970682926829 0.37819652173913043 0.019427548869179603 0.014000728086321806
1 0.23057626430155212 0.4537196486829578 0.019343512416851442 0.013202155315772773
1 0.13570743592017737 0.4398768556013964 0.01913831241685144 0.01329469600126944
1 0.08901374368070954 0.5167344385909235 0.018992579467849224 0.013309752142177085
1 0.13578842394678492 0.45497542557918125 0.01953130909090909 0.013272781180577594
0 0.22978867849223944 0.3776103414788956 0.019138403414634148 0.013715299904792129
1 0.23075007006651885 0.5150197686448746 0.019539294146341462 0.012945809584258965
1 0.1827253077605321 0.39318798920977466 0.01974872554323725 0.013268641256743893
0 0.18355156762749444 0.43911519200253885 0.019617097250554324 0.01361847511900984
1 0.23066043725055427 0.4994390314185973 0.019375611884700664 0.013550856363059348
1 0.18355839246119734 0.42376060583941605 0.019245667050997783 0.013249362805458586
0 0.1352924860310421 0.40941628467153285 0.019821341773835918 0.013127265947318311
1 0.23037288425720617 0.4386188130752142 0.018823937827050996 0.013153320691843863
1 0.1827253077605321 0.4088900406220248 0.01954350279379157 0.012916644747699145
1 0.1356571596452328 0.42465635353855913 0.019514429002217296 0.013217973532211996
1 0.182580621286031 0.37802598159314504 0.01951012935698448 0.013572977150111076
1 0.13611351352549889 0.4702082856236116 0.01960135463414634 0.013193587115201527
1 0.22969540576496672 0.408566879403364 0.019299378492239467 0.01327041256743891
1 0.08874712017738359 0.4100893827356395 0.019148481419068736 0.013581998476674071
1 0.13606005232815965 0.500611185972707 0.019411169268292682 0.013289588035544272
0 0.08878442926829268 0.39473665026975563 0.0189734244345898 0.01318920003173596
1 0.08865862483370286 0.3790712608695652 0.01841087614190687 0.01310996477308791
1 0.08905992505543237 0.44059959155823547 0.019253197117516628 0.013356094573151383
0 0.1358409751662971 0.48535525769596954 0.01974617760532151 0.013420088321167884
0 0.08866067228381375 0.4252616886702634 0.019434919689578712 0.013208787432561092
1 0.18368055698447894 0.5154901958108538 0.019652267893569844 0.01361443817835608
1 0.18354406031042128 0.4845348936845446 0.01971257667405765 0.013792166550301493
1 0.18331110598669623 0.46934961186924784 0.019293804878048777 0.012918189495398287
1 0.08899781906873612 0.4707182583306887 0.01919136412416851 0.013168315042843543
1 0.08890773126385809 0.5009306397968899 0.01939915756097561 0.01345077730879086
1 0.08883356807095344 0.4857793424309743 0.019433759467849223 0.013224729228816252
0 0.1833839042128603 0.5000571364646145 0.019593528824833704 0.01314757423040305
1 0.23036469445676272 0.42338142177086646 0.01856545862527716 0.01342091218660743
1 0.18351676097560976 0.45453671723262457 0.01961887170731707 0.012964696699460487
0 0.23042179556541018 0.46876363757537287 0.01904701889135255 0.013168273849571565
0 0.13602843059866962 0.5161923351317043 0.01963786749445676 0.013489210631545541
0 0.08886382483370288 0.4559136023484608 0.019704523370288246 0.012931865661694703
1 0.2302514022172949 0.48456970199936533 0.018769953392461198 0.013454525896540783
